weight 1.0
4.000   2.0565e-33
4.065   1.4073e-33
4.231   7.8339e-34
4.396   4.8569e-34
4.561   3.2249e-34
4.727   2.2565e-34
4.892   1.6402e-34
5.057   1.2301e-34
5.222   9.5605e-35
5.388   7.6546e-35
5.553   6.2842e-35
5.718   5.2712e-35
5.884   4.4607e-35
6.049   3.8308e-35
6.214   3.3385e-35
6.38   2.9476e-35
6.545   2.6327e-35
6.71   2.3758e-35
6.876   2.1594e-35
7.041   1.9771e-35
7.206   1.8213e-35
7.371   1.6801e-35
7.537   1.5492e-35
7.702   1.4361e-35
7.867   1.3389e-35
8.033   1.2536e-35
8.198   1.1735e-35
8.363   1.1033e-35
8.529   1.0415e-35
8.694   9.869e-36
8.859   9.3842e-36
9.024   8.9522e-36
9.19   8.5503e-36
9.355   8.1773e-36
9.52   7.8277e-36
9.686   7.5083e-36
9.851   7.2197e-36
10.016   6.9583e-36
10.182   6.721e-36
10.347   6.5051e-36
10.512   6.3082e-36
10.678   6.1162e-36
10.843   5.9391e-36
11.008   5.7764e-36
11.173   5.6265e-36
11.339   5.4885e-36
11.504   5.361e-36
11.669   5.2345e-36
11.835   5.1039e-36
12.000   4.981e-36
