weight 1e-36
4.060 40.809
4.183 30.188
4.287 22.683
4.420 17.007
4.566 12.608
4.687 9.312
4.814 7.008
4.991 5.275
5.272 3.970
5.604 2.988
5.916 2.249
6.430 1.709
7.036 1.274
7.809 0.967
8.965 0.735
10.451 0.580
12.506 0.472
15.541 0.401
19.179 0.344
24.244 0.309
30.662 0.286
39.083 0.273
49.818 0.275
64.099 0.288
80.942 0.314
103.174 0.357
130.016	0.413
162.676	0.483
203.553	0.562
251.201	0.650
298.021	0.750
363.862	0.912
442.530	1.091
546.088	1.305
668.429	1.585
814.000	1.913
1001.410 2.313
1215.191 2.797
1473.606 3.384
1790.570 4.090
2174.538 4.943
2623.267 5.944
3180.817 7.175
3856.736 8.660
4664.508 10.507
5675.894 12.692
6879.286 15.350
8358.695 18.573
