weight 1e-36
18 0.025
19.952623 0.023198985
22.387211 0.021450074
25.118864 0.019942191
28.183829 0.018642374
31.622777 0.017523216
35.481339 0.016561919
39.810717 0.015739531
44.668359 0.015040323
50.118723 0.014451296
56.234133 0.013961777
63.095734 0.013563097
70.794578 0.013248335
79.432823 0.013012118
89.125094 0.003811501
100 0.0036325677
112.20185 0.003474086
125.89254 0.0033340843
141.25375 0.0032108629
158.48932 0.0031029595
177.82794 0.0030091208
199.52623 0.0049855412
223.87211 0.0050298024
251.18864 0.0051395608
281.83829 0.005319093
316.22777 0.0055755233
354.81339 0.0059192974
398.10717 0.006364894
446.68359 0.0069318421
501.18723 0.0076461468
562.34133 0.0085422657
630.95734 0.009665849
707.94578 0.011077542
794.32823 0.012858292
891.25094 0.015116793
1000 0.018
