weight 1.0
60.83838  3.530762e-08
72.40787  4.234057e-08
79.76612  4.708996e-08
88.86771  5.156405e-08
86.25621  6.279678e-08
83.63802  7.647646e-08
83.19034  9.313612e-08
79.76612  1.119888e-07
79.50028  1.134249e-07
75.62408  1.381336e-07
78.33365  1.682247e-07
79.76612  1.720132e-07
84.59876  1.682247e-07
98.69386  1.573503e-07
108.4934  1.381336e-07
117.6216  1.278495e-07
136.5493  1.178243e-07
144.5011  1.134249e-07
155.4771  9.977972e-08
158.4275  9.313612e-08
174.4048  8.609498e-08
188.1343  7.647646e-08
193.3326  7.312427e-08
212.2603  6.503682e-08
231.1881  7.313514e-08
240.5771  7.647646e-08
250.1158  8.027311e-08
269.0435  7.649958e-08
269.0755  7.647646e-08
287.9713  6.595623e-08
292.3027  6.279678e-08
 306.899  5.813203e-08
325.8268  5.592421e-08
 344.118  6.279678e-08
344.7545  6.322732e-08
363.6823  7.441347e-08
  382.61  6.912509e-08
384.9392  6.279678e-08
  382.61  5.864011e-08
377.0503  5.156405e-08
  382.61  4.754434e-08
391.0686  4.234057e-08
401.5378  3.912217e-08
420.4655  3.820474e-08
429.0186  3.476689e-08
439.3933  3.380342e-08
 458.321  3.132135e-08
477.2487  3.026728e-08
496.1765  2.947128e-08
515.1042  2.863284e-08
516.4848  2.854799e-08
 534.032  2.822124e-08
552.9597  2.763635e-08
571.8875  2.654374e-08
590.8152   2.49324e-08
603.8546  2.344148e-08
 609.743  2.271822e-08
628.6018   1.92484e-08
628.6707  1.771813e-08
628.8541  1.580534e-08
628.6707  1.577485e-08
 609.743  1.368049e-08
594.5858  1.297817e-08
590.8152  1.265602e-08
571.8875  1.166123e-08
552.9597  1.127348e-08
 534.032  1.104499e-08
515.1042   1.07489e-08
512.0177  1.065671e-08
510.7081  8.750499e-09
515.1042  8.465212e-09
 534.032  7.190343e-09
534.1038  7.185259e-09
552.0748  5.900001e-09
552.9597  5.798512e-09
562.4113  4.844632e-09
571.4716  3.978052e-09
571.8875  3.943972e-09
577.3237   3.26648e-09
575.8832  2.682191e-09
571.8875  2.539624e-09
552.9597  2.367002e-09
548.1267  2.202416e-09
547.2436   1.80846e-09
552.9597  1.588656e-09
567.5593  1.484973e-09
571.8875  1.462034e-09
590.8152  1.358712e-09
597.8944   1.21935e-09
 609.743  1.032531e-09
611.5879  1.001239e-09
626.8712  8.221433e-10
628.6707  7.903481e-10
637.6442   6.75083e-10
641.7566   5.54328e-10
647.5984  5.091798e-10
666.5262  5.499697e-10
668.1192   5.54328e-10
685.4539  6.382061e-10
704.3817  5.552849e-10
704.5037   5.54328e-10
716.8252  4.551729e-10
723.3094  4.180726e-10
  733.15  3.737534e-10
742.2372  3.286852e-10
 747.479  3.068985e-10
761.1649  2.665468e-10
766.5525  2.520022e-10
780.0927  2.290639e-10
799.0204  2.120246e-10
803.9073  2.069255e-10
817.9481  1.986495e-10
836.8759  1.753751e-10
844.3895  1.699118e-10
855.8036  1.648114e-10
874.7314    1.6044e-10
893.6591  1.473512e-10
900.6263   1.39519e-10
909.7334  1.145626e-10
900.4716   9.40701e-11
893.6591  8.919486e-11
877.2011  7.724339e-11
874.7314  7.564591e-11
858.1464  6.342652e-11
855.8036  6.206692e-11
836.8759  5.298821e-11
834.6949  5.208114e-11
817.9481  4.587723e-11
801.4431  4.276517e-11
799.0204  4.213517e-11
780.0927  3.916505e-11
761.1649  3.794484e-11
742.2372  3.720049e-11
723.3094   3.67483e-11
704.3817  3.661767e-11
685.4539  3.661497e-11
666.5262  3.638899e-11
647.5984   3.61955e-11
628.6707  3.652699e-11
 609.743  3.773056e-11
590.8152  3.891783e-11
571.8875  3.983722e-11
557.0578  4.276517e-11
552.9597  4.364612e-11
534.6717  5.208114e-11
 534.032  5.240131e-11
515.1042  5.927409e-11
504.6443  6.342652e-11
496.1765   6.76118e-11
484.5136  7.724339e-11
477.2487  8.604904e-11
467.9955   9.40701e-11
 458.321  1.007883e-10
439.3933  1.139548e-10
436.2616  1.145626e-10
420.4655  1.164234e-10
417.9946  1.145626e-10
401.5378   9.84649e-11
394.5369   9.40701e-11
  382.61  8.728037e-11
363.6823  7.990836e-11
355.2566  7.724339e-11
344.7545  7.324732e-11
325.8268  7.400084e-11
311.1391  7.724339e-11
 306.899  7.933308e-11
287.9713  8.540082e-11
276.2364   9.40701e-11
269.0435  9.855167e-11
259.7044  1.145626e-10
255.1248   1.39519e-10
250.1158  1.639465e-10
248.7659  1.699118e-10
231.6133  2.069255e-10
231.1881  2.079062e-10
215.6308  2.520022e-10
212.2603  2.664043e-10
201.8522  3.068985e-10
193.3326  3.627728e-10
 191.228  3.737534e-10
178.8124  4.551729e-10
174.8399   5.54328e-10
174.4048  5.721194e-10
170.0631   6.75083e-10
168.0023  8.221433e-10
170.8369  1.001239e-09
158.0663   1.21935e-09
155.4771   1.23631e-09
145.2274  1.484973e-09
145.0464   1.80846e-09
155.4771  2.182993e-09
174.4048  1.995994e-09
181.6567   1.80846e-09
187.1364  1.484973e-09
183.5535   1.21935e-09
193.3326   1.10614e-09
210.0074  1.001239e-09
212.2603  9.966391e-10
231.1881  8.967055e-10
 241.803  8.221433e-10
250.1158  7.686969e-10
267.9543  8.221433e-10
256.7079  1.001239e-09
250.9792   1.21935e-09
250.1158  1.241954e-09
238.6384  1.484973e-09
231.1881  1.729166e-09
227.7222   1.80846e-09
217.3925  2.202416e-09
212.2603  2.479192e-09
205.8833  2.682191e-09
193.3326  3.081258e-09
188.2303   3.26648e-09
179.9623  3.978052e-09
175.5806  4.844632e-09
174.4048    4.9553e-09
162.7074  5.900001e-09
156.0131  7.185259e-09
155.4771  7.279679e-09
138.4636  8.750499e-09
136.5493  8.806165e-09
117.6216  8.962302e-09
98.69386  9.720982e-09
88.63997  1.065671e-08
79.76612  1.174478e-08
 71.0605  1.297817e-08
63.27181  1.580534e-08
60.83838  1.885185e-08
60.10823   1.92484e-08
54.89435  2.344148e-08
53.83568  2.854799e-08
59.97609  3.476689e-08
60.83838  3.530762e-08
